0 0.11833333333333335 0.8419117647058824 0.21666666666666667 0.3088235294117647
0 0.35333333333333333 0.8382352941176471 0.22666666666666668 0.3235294117647059
0 0.5866666666666667 0.84375 0.22 0.3125
0 0.8483333333333334 0.8455882352941176 0.23 0.3088235294117647
0 0.11166666666666668 0.5110294117647058 0.21666666666666667 0.3161764705882353
0 0.3666666666666667 0.5128676470588235 0.24000000000000002 0.3125
0 0.6183333333333334 0.5165441176470588 0.23 0.3125
0 0.8783333333333334 0.5073529411764706 0.22333333333333336 0.33088235294117646
0 0.88 0.15625 0.22666666666666668 0.3051470588235294
0 0.6166666666666667 0.16176470588235295 0.22666666666666668 0.3088235294117647
0 0.385 0.16911764705882354 0.2366666666666667 0.3235294117647059
0 0.1366666666666667 0.16911764705882354 0.23333333333333334 0.3161764705882353
