2 0.166 0.41389728096676737 0.136 0.3806646525679758
2 0.271 0.297583081570997 0.114 0.48036253776435045
2 0.315 0.27794561933534745 0.062 0.34441087613293053
2 0.38 0.23867069486404835 0.084 0.2416918429003021
2 0.38 0.12235649546827794 0.08 0.09969788519637462
2 0.418 0.2039274924471299 0.044 0.24471299093655588
2 0.443 0.23564954682779457 0.034 0.2598187311178248
2 0.541 0.283987915407855 0.03 0.2416918429003021
2 0.499 0.30966767371601206 0.09 0.2990936555891239
2 0.58 0.33534743202416917 0.044 0.16314199395770393
2 0.623 0.3459214501510574 0.034 0.1540785498489426
