2 0.10300000000000001 0.5505464480874317 0.126 0.3633879781420765
2 0.225 0.5669398907103825 0.078 0.30327868852459017
2 0.333 0.5368852459016393 0.082 0.3524590163934426
2 0.438 0.5560109289617486 0.132 0.3797814207650273
2 0.549 0.5737704918032787 0.15 0.34972677595628415
2 0.659 0.6024590163934426 0.178 0.3087431693989071
2 0.374 0.569672131147541 0.048 0.1557377049180328
2 0.8320000000000001 0.6653005464480874 0.056 0.24316939890710382
2 0.868 0.6543715846994536 0.048 0.23770491803278687
2 0.016 0.49043715846994534 0.028 0.09016393442622951
2 0.6930000000000001 0.5724043715846995 0.038 0.1448087431693989
