2 0.107 0.5015015015015015 0.21 0.996996996996997
2 0.6930000000000001 0.5135135135135135 0.386 0.9729729729729729
2 0.151 0.4084084084084084 0.074 0.32432432432432434
2 0.242 0.33783783783783783 0.084 0.27927927927927926
2 0.323 0.37237237237237236 0.078 0.17417417417417416
2 0.232 0.7042042042042042 0.20400000000000001 0.5075075075075075
2 0.379 0.524024024024024 0.186 0.2912912912912913
2 0.518 0.46396396396396394 0.08 0.45345345345345345
2 0.396 0.2807807807807808 0.12 0.26126126126126126
2 0.506 0.23273273273273273 0.04 0.057057057057057055
