2 0.716 0.5053333333333333 0.14400000000000002 0.296
2 0.376 0.5213333333333333 0.112 0.27999999999999997
2 0.189 0.5213333333333333 0.082 0.216
2 0.031 0.5013333333333333 0.058 0.16
2 0.9460000000000001 0.4493333333333333 0.056 0.184
2 0.881 0.45999999999999996 0.042 0.152
2 0.85 0.4373333333333333 0.036000000000000004 0.17066666666666666
2 0.806 0.444 0.044 0.16799999999999998
2 0.629 0.45999999999999996 0.03 0.15733333333333333
2 0.464 0.45199999999999996 0.044 0.14133333333333334
2 0.127 0.46799999999999997 0.022 0.11466666666666667
2 0.106 0.46799999999999997 0.024 0.11466666666666667
