2 0.603 0.6373333333333333 0.41000000000000003 0.7253333333333333
2 0.86 0.584 0.252 0.832
2 0.675 0.3293333333333333 0.13 0.42933333333333334
2 0.498 0.30266666666666664 0.24 0.5306666666666666
2 0.214 0.6373333333333333 0.18 0.42666666666666664
2 0.064 0.6573333333333333 0.124 0.6586666666666666
2 0.088 0.6746666666666666 0.076 0.21333333333333332
2 0.342 0.5186666666666666 0.068 0.18933333333333333
2 0.14400000000000002 0.5133333333333333 0.064 0.18933333333333333
2 0.256 0.5466666666666666 0.112 0.3893333333333333
